6 1 2 3 4 5 7 9 8 
3 4 5 7 9 8 6 1 2 
7 9 8 6 1 2 3 4 5 
2 6 1 5 3 4 8 7 9 
8 7 9 2 6 1 5 3 4 
5 3 4 8 7 9 2 6 1 
1 2 6 4 5 3 9 8 7 
9 8 7 1 2 6 4 5 3 
4 5 3 9 8 7 1 2 6 

6 1 2 3 4 5 7 9 8 
3 4 5 7 9 8 6 1 2 
7 9 8 6 1 2 3 4 5 
2 6 1 5 3 4 8 7 9 
8 7 9 2 6 1 5 3 4 
5 3 4 8 7 9 2 6 1 
4 5 3 9 8 7 1 2 6 
1 2 6 4 5 3 9 8 7 
9 8 7 1 2 6 4 5 3 

6 1 2 3 4 5 7 9 8 
3 4 5 7 9 8 6 1 2 
7 9 8 6 1 2 3 4 5 
2 6 1 5 3 4 8 7 9 
8 7 9 2 6 1 5 3 4 
5 3 4 8 7 9 2 6 1 
4 5 3 9 8 7 1 2 6 
9 8 7 1 2 6 4 5 3 
1 2 6 4 5 3 9 8 7 

6 1 2 3 4 5 7 9 8 
3 4 5 7 9 8 6 1 2 
7 9 8 6 1 2 3 4 5 
2 6 1 5 3 4 8 7 9 
8 7 9 2 6 1 5 3 4 
5 3 4 8 7 9 2 6 1 
9 8 7 1 2 6 4 5 3 
1 2 6 4 5 3 9 8 7 
4 5 3 9 8 7 1 2 6 

6 1 2 3 4 5 7 9 8 
3 4 5 7 9 8 6 1 2 
7 9 8 6 1 2 3 4 5 
2 6 1 5 3 4 8 7 9 
8 7 9 2 6 1 5 3 4 
5 3 4 8 7 9 2 6 1 
9 8 7 1 2 6 4 5 3 
4 5 3 9 8 7 1 2 6 
1 2 6 4 5 3 9 8 7 

6 1 2 3 4 5 7 9 8 
3 4 5 7 9 8 6 1 2 
7 9 8 6 1 2 3 4 5 
5 3 4 8 7 9 2 6 1 
2 6 1 5 3 4 8 7 9 
8 7 9 2 6 1 5 3 4 
1 2 6 4 5 3 9 8 7 
9 8 7 1 2 6 4 5 3 
4 5 3 9 8 7 1 2 6 

6 1 2 3 4 5 7 9 8 
3 4 5 7 9 8 6 1 2 
7 9 8 6 1 2 3 4 5 
5 3 4 8 7 9 2 6 1 
2 6 1 5 3 4 8 7 9 
8 7 9 2 6 1 5 3 4 
4 5 3 9 8 7 1 2 6 
1 2 6 4 5 3 9 8 7 
9 8 7 1 2 6 4 5 3 

6 1 2 3 4 5 7 9 8 
3 4 5 7 9 8 6 1 2 
7 9 8 6 1 2 3 4 5 
5 3 4 8 7 9 2 6 1 
2 6 1 5 3 4 8 7 9 
8 7 9 2 6 1 5 3 4 
4 5 3 9 8 7 1 2 6 
9 8 7 1 2 6 4 5 3 
1 2 6 4 5 3 9 8 7 

6 1 2 3 4 5 7 9 8 
3 4 5 7 9 8 6 1 2 
7 9 8 6 1 2 3 4 5 
5 3 4 8 7 9 2 6 1 
2 6 1 5 3 4 8 7 9 
8 7 9 2 6 1 5 3 4 
9 8 7 1 2 6 4 5 3 
1 2 6 4 5 3 9 8 7 
4 5 3 9 8 7 1 2 6 

6 1 2 3 4 5 7 9 8 
3 4 5 7 9 8 6 1 2 
7 9 8 6 1 2 3 4 5 
5 3 4 8 7 9 2 6 1 
2 6 1 5 3 4 8 7 9 
8 7 9 2 6 1 5 3 4 
9 8 7 1 2 6 4 5 3 
4 5 3 9 8 7 1 2 6 
1 2 6 4 5 3 9 8 7 

